0
0
0
5
44
476
476
476
476
476
476
476
476
476
476
44
476
477
477
477
477
477
477
477
477
477
44
477
477
477
477
477
477
477
477
477
477
44
477
477
477
477
477
478
478
478
479
479
44
479
480
480
480
480
480
480
480
480
480
44
480
480
480
480
480
480
480
480
480
480
44
480
480
480
480
480
480
480
480
480
480
45
480
480
480
480
480
480
480
480
480
481
45
481
481
481
481
481
481
481
481
481
481
45
481
481
481
481
481
481
481
481
481
481
5
45
481
481
481
482
482
482
483
483
483
483
45
483
483
483
484
484
484
484
484
484
484
45
484
484
484
484
484
484
484
484
484
484
45
484
484
484
484
484
484
484
485
485
485
45
485
485
485
485
485
485
485
485
485
485
45
485
485
485
485
485
485
485
485
485
485
45
485
485
485
485
485
485
485
485
486
486
45
486
486
486
486
486
486
486
486
486
486
45
486
486
486
486
486
486
486
486
486
486
45
486
486
487
487
487
487
487
487
487
487
5
45
487
487
487
487
487
487
487
487
487
487
45
487
487
487
487
487
487
487
487
487
487
45
487
487
487
487
487
487
487
487
487
487
45
487
487
487
487
487
487
487
488
488
488
45
488
488
488
488
488
488
488
488
488
488
45
488
488
488
488
488
489
489
489
489
489
45
489
489
489
489
489
489
489
489
489
489
45
489
489
489
489
489
489
489
489
489
489
45
489
489
489
489
489
489
490
490
490
490
45
490
490
490
490
490
490
490
490
490
490
5
45
490
490
490
491
491
491
491
491
491
491
46
491
491
491
491
491
491
491
491
491
491
46
491
491
491
491
491
491
491
491
491
492
46
492
492
492
492
492
492
492
492
492
492
46
492
492
492
492
492
492
492
492
492
492
46
492
492
492
492
492
492
492
492
492
492
46
493
493
493
493
493
493
493
493
493
493
46
493
493
494
494
494
494
494
494
494
494
46
494
494
494
494
494
494
494
494
494
494
46
494
494
494
494
494
494
494
494
494
494
5
46
494
494
494
495
495
495
495
495
495
495
46
495
495
495
495
495
495
495
495
495
495
46
495
495
495
495
495
495
495
495
495
495
46
495
496
496
496
496
496
496
496
496
496
46
496
496
496
496
496
496
496
496
496
496
46
496
496
496
496
496
497
497
497
497
497
46
497
497
497
497
497
497
497
497
497
497
46
497
497
497
497
497
497
497
497
497
498
46
498
498
498
498
498
498
498
498
498
498
46
498
498
498
498
498
498
498
498
498
498
5
46
498
499
499
499
499
499
499
499
499
499
46
499
499
500
500
500
500
500
500
500
500
46
500
500
500
500
500
500
500
500
500
500
46
500
500
500
500
500
500
500
501
501
501
47
501
501
501
501
501
501
501
501
501
501
47
501
501
501
501
501
501
501
501
501
501
47
501
501
501
501
501
501
501
501
501
501
47
502
502
502
502
502
502
502
502
502
502
47
502
502
502
502
502
502
502
502
502
502
47
502
502
502
502
502
502
502
502
502
502
5
47
502
502
502
502
502
503
503
503
503
503
47
503
503
503
504
504
504
504
504
504
504
47
504
504
505
505
505
505
505
505
505
505
47
505
505
505
506
506
506
506
506
506
506
47
506
506
506
506
506
506
506
506
506
506
47
506
506
506
506
506
506
506
506
506
506
47
506
506
506
507
507
507
507
507
507
507
47
508
508
508
508
508
508
508
508
508
508
47
508
508
508
508
508
508
508
508
508
508
47
508
508
508
508
509
509
509
509
509
509
5
47
509
509
509
509
509
509
509
509
509
509
47
509
509
509
509
509
509
509
509
509
509
47
510
510
510
510
510
510
510
510
510
510
47
510
510
510
510
510
510
510
510
510
510
47
510
510
510
510
511
511
511
511
511
511
47
511
511
511
511
511
511
511
511
511
511
47
511
512
512
512
512
512
512
512
512
512
47
512
512
512
512
512
512
512
512
512
512
48
512
512
512
512
512
513
513
513
513
513
48
513
514
514
514
514
514
514
514
514
514
5
48
514
514
514
514
514
514
514
514
515
515
48
515
515
515
515
515
515
515
515
515
515
48
515
515
515
515
515
515
516
516
516
516
48
516
517
517
517
517
517
517
517
517
517
48
517
517
517
517
517
517
517
517
517
517
48
517
517
517
517
517
517
517
518
518
519
48
519
519
519
519
519
519
519
519
519
519
48
519
519
519
519
519
519
519
519
519
519
48
519
519
519
520
520
520
520
520
520
520
48
520
520
520
520
520
520
521
521
521
521
5
48
521
521
521
522
522
522
522
522
522
522
48
522
522
522
522
522
522
522
522
522
522
48
522
522
522
522
522
522
522
523
523
523
48
523
523
523
523
524
524
524
524
524
524
48
524
524
524
524
524
524
524
524
524
524
48
524
524
524
524
524
524
524
524
525
525
48
525
525
525
525
525
525
525
525
525
525
48
525
525
525
525
525
525
525
525
525
525
48
525
525
525
525
525
525
525
525
526
526
48
526
526
526
526
526
526
526
526
526
526
0
5
48
526
526
526
526
526
526
526
526
526
526
48
526
526
527
528
528
528
528
528
528
528
49
528
528
528
528
528
528
528
528
528
528
49
528
528
528
528
528
528
528
528
528
528
49
528
528
528
528
528
528
528
529
529
529
49
529
529
530
530
530
530
530
530
530
530
49
530
530
530
530
530
530
530
530
530
530
49
530
530
530
530
530
530
531
531
531
531
49
531
531
531
531
531
531
531
531
531
531
49
531
531
531
531
531
531
531
531
531
531
5
49
531
531
531
531
531
531
531
531
531
532
49
532
532
532
532
532
532
532
532
532
532
49
532
532
532
532
532
532
532
532
532
533
49
533
533
533
533
533
533
533
533
533
533
49
533
533
533
533
533
533
533
533
533
534
49
535
536
536
536
536
536
536
536
536
536
49
536
536
536
536
536
536
536
537
537
537
49
537
537
537
537
537
537
537
537
537
537
49
537
537
537
537
537
537
537
537
537
537
49
537
538
538
538
538
538
538
538
538
538
5
50
538
538
538
538
538
538
538
538
538
538
50
538
538
538
538
538
538
538
538
538
539
50
539
539
539
539
539
539
539
539
539
539
50
539
539
539
539
539
539
539
539
539
539
50
539
539
540
540
540
540
540
540
540
540
50
540
540
540
540
540
540
540
540
540
540
50
540
540
541
541
541
541
541
541
541
541
50
541
541
541
541
541
541
541
541
541
541
50
541
541
541
541
541
541
541
541
541
541
50
541
541
541
541
541
541
541
541
541
541
6
50
541
541
541
541
541
541
541
541
541
542
50
542
542
542
542
542
542
542
542
542
542
50
542
542
542
542
542
542
542
542
542
542
50
542
542
542
542
542
542
542
542
542
543
50
543
543
543
543
543
543
543
543
543
543
50
543
543
543
543
543
543
543
543
543
543
50
543
543
543
544
544
544
544
544
544
544
50
544
544
544
544
544
544
544
544
544
545
50
545
545
545
545
545
545
545
545
545
545
50
545
545
545
545
545
545
545
545
545
545
6
50
545
545
545
546
546
546
546
546
546
546
50
546
546
546
546
546
546
546
546
546
546
50
546
546
546
546
547
547
547
548
548
548
50
548
548
548
548
548
548
548
548
548
548
50
548
548
548
548
548
548
548
548
548
548
50
548
548
548
548
548
548
548
548
548
548
50
548
548
548
548
549
549
549
549
549
549
50
549
549
549
549
549
549
549
550
550
550
50
550
550
550
550
550
550
550
550
550
550
50
550
550
550
550
550
551
551
551
551
551
6
50
552
552
552
552
552
552
552
553
553
553
50
553
553
553
553
553
553
553
553
553
553
50
553
553
553
553
553
553
553
553
553
553
51
553
553
553
553
553
553
553
554
554
554
51
554
554
554
554
554
554
554
554
554
554
51
554
554
554
554
554
554
554
554
554
554
51
554
555
555
555
555
555
556
556
556
556
51
556
556
556
556
556
556
556
556
556
556
51
556
556
556
556
556
556
556
557
557
557
51
557
557
557
557
557
558
558
558
558
558
6
51
558
558
558
558
558
558
559
559
559
559
51
559
559
559
559
559
559
559
559
559
559
51
559
559
559
559
559
559
559
559
559
559
51
560
560
560
560
560
560
560
560
561
561
52
561
561
561
561
561
561
561
561
561
561
52
561
561
561
561
561
561
561
561
561
561
52
561
561
562
562
562
562
562
562
562
562
52
562
562
562
562
562
562
562
562
562
562
52
562
562
562
562
562
562
563
563
563
563
52
563
563
563
563
563
563
563
563
563
563
6
52
563
563
563
563
563
563
563
564
564
564
52
564
564
564
564
564
564
564
564
564
564
52
564
564
564
564
564
565
565
565
565
565
52
565
565
565
565
565
565
565
565
565
565
52
565
565
565
565
565
565
565
565
565
566
52
566
566
566
566
566
566
566
566
566
566
52
566
566
566
566
566
566
566
566
566
566
52
566
566
566
567
568
568
568
568
568
568
52
568
568
568
568
568
568
568
568
569
569
52
569
569
569
569
569
569
569
569
569
569
6
52
569
569
570
570
570
570
570
570
570
570
52
570
570
570
570
570
570
570
570
570
570
52
570
570
570
570
570
570
570
570
571
571
52
571
571
571
571
571
571
571
571
571
571
52
571
571
571
571
571
571
571
571
571
571
52
571
571
571
571
571
571
571
571
571
571
52
571
571
571
571
572
572
572
572
572
572
52
572
572
572
572
572
572
573
573
573
573
52
574
575
575
575
575
575
575
575
575
575
52
575
575
575
575
575
575
575
575
575
575
6
52
575
575
575
575
575
575
575
575
575
575
52
575
575
575
575
575
575
575
575
576
576
52
576
576
576
576
576
576
576
576
576
576
52
576
576
576
576
576
576
576
576
576
576
52
576
576
576
576
576
576
576
576
576
576
52
577
577
577
577
577
577
577
577
577
578
52
578
578
578
578
578
578
578
578
578
578
52
578
578
578
578
578
578
578
578
578
578
52
579
579
579
579
579
579
579
579
579
579
52
579
579
579
579
579
579
579
579
579
580
0
6
52
580
580
580
580
580
580
580
581
581
581
52
581
581
581
581
581
581
581
581
581
581
52
581
581
581
581
581
582
582
582
582
582
52
582
582
582
582
583
583
583
583
583
583
52
583
583
583
583
583
583
583
583
583
583
52
583
583
583
583
583
583
583
583
583
583
52
583
583
584
584
584
584
584
584
584
584
52
584
584
584
584
584
584
584
584
584
584
52
584
584
584
584
584
584
584
584
585
585
52
585
586
586
586
586
586
586
586
587
587
6
52
587
587
587
588
588
588
588
588
588
588
52
588
588
588
588
588
588
588
588
589
589
53
590
590
590
590
590
590
590
590
590
590
54
590
591
591
591
591
591
591
591
591
591
54
591
591
591
591
591
591
591
591
591
591
54
591
591
591
591
591
591
591
591
591
591
54
591
591
591
591
591
591
591
591
591
591
54
591
591
591
591
592
593
593
593
593
593
54
593
593
593
593
593
593
593
593
593
593
55
593
593
593
593
593
593
593
593
593
594
6
55
594
594
594
594
594
594
594
594
594
594
55
594
594
594
594
594
594
595
595
595
595
55
595
595
595
595
595
595
595
595
595
595
55
595
595
595
595
595
595
595
595
595
595
55
596
596
596
596
597
597
597
597
597
597
55
597
597
597
597
597
597
597
597
597
597
55
597
597
597
597
597
597
597
597
598
598
55
598
598
598
598
598
598
598
598
598
598
55
598
598
598
598
598
598
598
598
598
598
55
598
598
598
598
599
599
599
599
599
599
6
55
599
599
599
599
599
599
599
599
599
599
55
599
599
599
599
599
599
599
600
600
600
55
600
600
600
600
600
600
601
602
602
602
55
602
602
602
602
602
602
602
602
602
602
55
603
603
603
603
603
603
603
603
603
603
55
603
603
603
603
603
603
603
603
603
603
55
603
603
603
603
603
603
603
603
603
603
55
604
604
604
604
604
605
605
605
605
605
55
605
605
605
605
605
605
605
605
605
605
55
605
605
605
605
605
605
605
605
605
605
6
55
605
605
605
605
605
605
605
605
605
605
55
605
606
606
606
606
606
606
606
606
606
55
606
606
606
606
606
606
606
606
606
606
55
606
606
606
606
606
607
607
608
608
608
55
608
608
608
608
608
608
608
608
608
608
55
608
608
608
608
608
608
608
608
608
608
55
608
609
609
609
609
609
609
609
609
609
55
609
609
609
609
609
609
609
609
609
609
55
609
609
609
609
609
610
610
611
611
611
55
611
611
611
611
611
611
611
611
611
611
6
55
611
611
611
611
612
612
612
612
613
613
55
613
613
613
613
613
613
613
613
613
613
55
613
613
613
613
613
613
613
613
613
614
55
614
614
614
614
614
614
614
614
614
614
56
614
614
614
614
614
614
614
614
614
614
56
614
614
614
615
615
615
615
615
615
615
56
615
615
616
616
616
616
616
616
616
616
56
616
616
616
616
616
616
616
616
616
616
56
616
616
616
616
616
616
616
617
617
617
56
617
617
618
618
618
618
618
618
618
618
6
56
618
618
618
618
618
618
618
618
618
618
56
618
618
618
618
618
618
618
618
618
618
56
618
618
618
618
618
618
618
618
618
618
56
618
618
618
618
619
619
619
619
619
619
56
619
619
619
619
619
619
619
619
619
619
57
619
619
619
620
620
620
620
620
620
620
57
620
620
620
620
620
620
620
620
620
620
57
620
620
620
620
620
620
621
621
621
621
57
621
622
622
622
622
622
622
622
622
622
57
622
622
622
622
622
622
622
622
622
622
6
57
622
622
622
622
622
622
622
622
622
623
57
623
623
623
623
623
623
623
623
623
623
57
623
623
623
623
623
623
623
623
623
623
57
623
623
623
624
624
624
624
624
624
624
57
624
624
624
624
624
624
624
624
624
624
57
624
624
624
624
624
624
624
625
625
625
57
625
625
625
625
625
625
625
625
625
625
57
625
625
625
625
625
625
625
625
625
625
57
625
625
625
625
625
625
625
625
625
625
57
625
625
625
625
625
625
625
625
625
625
6
57
625
625
626
626
626
626
626
626
626
626
57
626
626
626
626
626
626
626
626
626
626
57
626
626
626
626
626
626
627
627
627
627
57
627
627
627
627
627
627
627
627
627
627
57
627
627
627
627
627
627
627
627
627
627
57
628
628
628
628
629
629
629
629
629
629
57
629
629
629
629
629
629
629
629
629
629
57
629
629
629
629
629
629
629
629
629
629
57
629
630
630
630
630
630
630
630
630
630
57
630
630
630
630
630
630
630
630
630
630
6
57
630
630
631
631
631
631
631
631
631
631
57
631
631
631
631
631
631
631
631
631
631
57
631
631
632
632
632
632
632
632
632
632
57
632
632
632
632
632
632
632
632
632
632
57
632
632
632
632
632
632
632
632
632
632
57
632
632
632
632
632
632
632
632
632
632
57
632
632
632
632
633
633
633
633
633
633
57
633
633
633
633
633
633
633
633
633
633
57
633
633
633
633
633
634
634
634
634
634
57
634
634
634
634
634
634
634
634
634
634
0
6
57
635
635
635
635
635
635
635
635
635
635
57
635
635
635
635
635
635
635
635
635
635
57
635
635
635
635
636
636
636
636
636
636
57
636
636
636
636
636
636
636
636
636
636
57
636
636
636
636
636
636
636
636
637
637
57
637
637
637
637
637
637
637
637
638
638
57
638
638
638
638
638
638
638
638
638
638
57
638
638
638
638
638
638
638
638
638
638
57
638
638
639
639
639
639
639
639
639
639
57
639
639
639
639
639
639
639
639
640
640
6
57
640
640
640
640
640
640
640
640
640
640
57
640
640
640
640
640
640
640
640
640
640
57
640
640
641
641
641
641
641
641
641
641
57
641
641
641
641
641
641
641
641
641
641
57
641
641
641
641
641
641
642
642
642
642
57
642
642
642
642
642
642
642
642
642
642
57
642
642
642
642
642
642
642
642
642
642
57
642
642
642
642
642
642
642
642
642
642
57
642
642
642
642
642
642
642
642
642
642
57
642
643
643
643
643
643
643
643
643
643
6
57
643
643
643
643
643
643
643
643
643
643
57
643
643
643
643
643
644
644
644
644
644
57
644
644
644
644
644
644
644
644
644
644
58
644
644
645
645
645
645
645
645
645
645
58
645
645
645
645
645
645
645
645
645
645
58
645
645
645
645
645
645
645
645
645
645
58
645
645
645
645
645
645
645
645
645
645
58
645
645
645
645
645
645
645
645
645
645
58
645
645
645
645
645
645
645
645
645
645
58
645
646
646
646
646
646
646
646
646
646
6
58
646
646
646
646
646
646
646
646
646
646
58
646
646
646
646
646
646
646
646
646
646
58
646
646
646
646
646
647
647
647
648
648
58
648
648
648
648
648
648
648
648
648
648
58
648
648
648
648
648
648
648
648
648
649
58
649
649
649
649
649
649
649
649
649
649
58
649
649
649
649
649
649
649
649
649
649
58
649
649
649
649
649
649
649
649
649
649
58
649
649
649
649
649
649
649
649
649
649
58
649
649
649
649
649
649
649
650
650
650
6
58
650
650
650
650
650
650
650
650
650
651
58
651
651
651
651
651
651
651
651
651
651
58
651
651
651
652
652
652
652
652
653
653
58
653
653
653
653
653
653
653
653
653
653
58
653
653
653
653
653
653
653
653
653
653
58
653
653
654
654
654
654
654
654
654
654
58
654
654
654
654
654
654
654
654
654
654
58
654
654
654
654
654
655
655
655
655
655
58
655
655
655
655
655
655
655
655
655
655
58
655
655
656
656
656
656
656
656
656
656
6
58
656
656
656
656
656
656
656
656
656
656
58
657
657
657
657
657
657
657
657
657
657
58
657
657
657
657
657
657
657
657
657
657
58
657
657
657
657
658
658
658
658
658
658
58
658
658
658
658
658
658
658
658
658
658
58
658
658
658
658
658
658
658
658
659
659
58
659
659
660
660
661
661
661
661
661
661
58
661
661
661
661
662
662
662
662
662
662
58
662
662
662
662
662
662
662
662
662
662
58
662
662
663
663
663
663
663
663
663
663
6
58
663
663
663
663
663
663
663
663
664
664
58
664
664
664
664
664
665
665
665
665
665
58
665
665
665
665
665
665
665
665
665
665
58
665
665
665
665
666
666
666
666
666
666
58
666
666
666
666
666
666
666
666
666
666
58
666
666
666
666
666
666
666
666
666
666
58
666
666
666
667
667
667
667
667
667
667
58
667
667
667
667
667
667
667
667
667
667
58
667
667
667
667
667
667
667
667
667
667
58
667
667
667
667
667
667
667
667
668
668
6
58
668
668
668
668
668
668
668
668
668
668
58
668
668
668
668
668
668
668
668
668
668
58
668
668
668
668
668
668
669
669
669
669
58
669
669
669
669
669
669
669
669
669
669
58
669
669
669
669
669
670
670
670
670
670
58
670
670
670
670
670
670
670
670
670
670
58
670
670
670
670
670
670
670
670
670
670
58
670
670
670
670
670
670
670
670
670
670
58
670
670
670
671
671
671
671
671
671
671
58
671
671
671
671
671
671
671
671
671
671
6
58
671
671
671
671
671
671
671
672
672
672
58
672
672
672
672
672
672
672
672
672
672
58
672
672
672
672
672
672
672
672
672
672
58
672
672
672
672
672
673
673
673
673
673
58
673
673
673
673
673
673
673
673
673
673
58
673
673
673
673
673
673
673
673
673
674
58
674
674
674
674
674
674
674
674
674
674
58
674
674
674
674
674
674
674
674
674
674
58
674
674
674
675
675
675
675
675
675
675
58
675
675
675
675
675
675
675
675
675
675
6
58
675
675
675
675
675
675
675
675
675
675
58
675
675
675
675
675
675
675
675
675
675
58
675
675
675
676
676
676
676
676
676
676
58
676
676
676
676
676
676
676
676
676
676
58
677
678
678
678
678
678
678
678
678
678
59
678
678
678
678
678
678
678
678
678
678
59
678
678
678
678
678
679
679
679
679
679
59
680
680
680
680
680
680
681
681
681
681
59
681
681
681
681
681
681
681
681
681
681
59
681
681
681
681
681
681
681
681
681
681
0
6
60
682
682
682
682
682
682
682
682
682
682
60
683
683
683
683
683
683
683
683
684
684
60
684
684
684
684
684
684
684
684
684
684
60
684
684
684
684
684
684
684
684
684
684
60
684
684
684
684
684
684
685
685
685
685
60
685
685
685
685
685
685
685
685
685
685
60
685
685
685
685
685
685
685
685
685
685
60
686
686
686
686
686
686
686
686
686
686
60
686
686
686
686
686
686
687
687
687
687
60
687
687
687
687
687
687
687
687
687
687
6
60
687
687
687
687
687
687
687
687
687
687
60
687
687
687
687
687
687
687
687
687
687
60
687
687
687
687
687
687
688
688
688
688
60
688
688
688
688
688
688
688
688
688
688
60
688
688
688
688
688
688
688
688
688
688
60
688
688
688
688
688
689
689
689
689
689
60
689
689
689
689
689
689
689
689
689
690
60
690
690
690
690
690
690
690
690
690
690
60
690
690
690
690
690
690
690
690
690
690
60
690
690
690
690
690
690
691
691
691
691
6
60
691
691
691
691
691
691
691
691
691
691
60
691
691
691
691
691
691
691
691
691
691
60
691
692
692
692
692
693
693
693
693
693
60
693
693
693
693
693
693
693
693
693
693
60
693
693
693
693
693
693
693
693
693
694
60
694
694
694
694
694
694
694
694
694
694
61
694
694
694
694
694
695
695
695
695
695
61
695
696
696
696
696
696
696
696
696
696
61
696
696
696
696
696
696
697
697
697
697
61
697
697
697
697
697
697
697
697
697
697
6
61
697
697
697
697
697
697
697
697
697
697
61
698
698
698
698
698
698
698
698
698
698
61
698
698
698
698
698
698
698
698
698
698
61
698
698
698
698
699
699
699
699
699
699
61
699
699
699
699
699
61
61
61
61
61
6
61
61
61
61
61
61
61
61
61
61
6
61
61
61
61
61
61
61
61
61
62
6
62
62
62
62
62
62
62
62
62
62
6
62
62
62
62
62
62
62
62
62
62
6
62
62
62
62
62
62
62
62
62
62
6
62
62
62
62
62
62
62
62
62
62
0
6
62
62
62
62
62
63
63
63
63
63
6
63
63
63
63
63
63
63
63
63
63
6
63
64
64
64
64
64
64
64
64
64
6
64
64
64
64
64
64
64
64
64
64
6
64
64
65
65
65
65
65
65
65
65
7
65
65
65
65
65
65
65
65
65
65
7
65
65
65
65
65
65
65
65
65
65
7
65
65
65
65
65
65
65
65
65
65
7
65
65
66
66
66
66
66
66
67
67
7
67
67
67
67
67
67
67
67
67
67
0
7
67
67
67
67
67
67
67
67
67
67
7
67
67
68
69
69
69
69
69
69
69
7
69
69
69
69
69
70
70
70
70
70
7
70
70
70
70
70
70
70
70
70
70
7
70
70
70
70
70
70
70
70
70
70
7
70
70
70
70
70
70
70
70
70
70
7
70
70
70
70
70
70
70
70
70
70
7
70
70
70
71
71
71
71
71
72
72
7
72
72
72
72
72
72
72
72
72
72
7
72
72
72
72
72
72
72
72
72
72
0
7
72
72
72
72
72
72
72
72
72
72
7
72
72
72
73
73
73
73
73
73
73
7
73
73
73
73
73
73
73
73
73
73
7
73
74
74
74
74
74
74
74
74
74
7
75
75
75
75
75
75
75
75
75
75
7
75
75
75
76
76
76
76
76
76
76
7
76
76
76
76
76
76
76
76
76
76
7
76
76
76
76
76
76
76
76
76
76
7
76
76
76
76
76
76
77
77
77
77
7
77
77
77
77
77
77
77
77
77
77
0
7
77
77
77
77
77
77
77
77
77
77
7
78
78
78
78
78
78
78
78
78
78
7
78
78
78
79
79
79
79
79
79
79
7
79
79
79
79
79
79
79
79
79
79
7
79
79
79
79
79
79
79
79
79
79
7
79
79
79
79
79
79
79
79
79
79
7
79
79
79
79
79
79
79
79
79
79
7
79
80
80
80
80
80
80
80
80
80
7
80
80
80
81
81
81
81
81
81
81
7
81
81
81
81
81
82
82
82
82
82
0
7
82
82
82
82
82
82
82
82
82
82
7
82
82
82
82
82
82
82
82
82
82
7
82
82
82
82
82
82
82
82
82
82
7
82
82
82
82
82
82
82
83
83
83
7
83
83
83
83
83
83
84
84
84
84
7
84
84
84
84
84
84
84
84
85
85
7
85
85
85
85
85
85
85
85
85
85
7
85
85
86
86
86
86
87
87
87
87
7
87
87
87
87
87
87
87
88
88
88
7
88
88
88
88
88
88
88
88
88
88
0
0
7
88
88
88
88
88
88
88
88
88
88
7
88
89
89
89
89
90
90
90
90
90
7
90
90
90
90
90
90
90
90
90
90
8
90
91
91
91
91
91
91
91
91
91
8
91
91
91
91
91
91
91
91
91
91
8
91
91
91
91
91
92
92
92
92
92
8
92
92
92
92
92
92
92
92
92
92
8
92
92
92
92
92
92
92
92
92
92
8
92
92
92
92
92
92
92
92
92
92
8
92
92
92
92
92
92
92
92
92
92
0
8
92
92
92
93
93
93
93
93
93
93
8
93
93
93
93
93
93
93
93
93
93
8
93
93
93
93
93
93
93
93
93
93
8
93
93
93
93
93
93
93
93
93
93
8
93
93
93
93
93
93
93
93
93
93
8
93
93
93
94
94
94
94
94
94
94
8
94
94
94
94
94
94
94
94
94
94
8
94
94
94
94
94
94
94
95
95
95
8
95
95
95
95
95
95
95
95
95
96
8
96
96
96
96
96
96
96
96
96
96
0
8
96
96
96
96
97
97
97
97
97
97
8
97
97
97
97
97
97
97
97
97
97
8
97
97
97
97
97
97
97
97
97
97
8
97
97
97
97
97
97
97
97
97
97
8
97
97
97
97
98
98
99
99
99
99
8
99
99
99
99
99
99
99
100
100
100
8
100
100
100
101
101
101
101
101
101
101
9
101
101
101
101
101
101
101
101
101
101
9
101
101
101
101
101
101
102
102
102
102
9
102
102
102
102
102
102
102
102
102
102
0
9
102
102
102
102
102
102
103
103
103
103
9
103
103
103
103
103
103
103
103
103
103
9
103
103
103
103
103
103
103
103
103
103
9
103
103
103
104
104
104
104
104
104
104
9
105
105
105
105
105
105
105
105
105
105
9
105
105
105
105
105
105
105
105
105
105
9
105
105
105
105
106
106
106
106
106
106
9
106
106
106
106
106
106
106
106
106
106
9
106
106
106
106
106
106
106
106
106
106
9
106
106
107
107
107
107
107
107
107
107
0
9
108
108
108
108
108
108
108
108
108
108
9
108
108
108
108
108
108
108
108
108
108
9
108
109
109
109
109
109
109
109
109
109
9
109
109
109
109
109
109
109
109
109
109
9
109
109
109
109
109
109
109
109
109
109
9
109
109
109
109
109
109
109
109
109
109
9
109
109
109
109
109
110
110
111
111
111
9
111
111
111
111
111
111
111
111
111
111
9
111
111
111
111
111
111
111
111
111
111
9
111
112
112
112
112
112
112
112
112
112
0
9
112
112
112
112
112
113
113
113
113
113
9
113
113
113
113
113
113
113
113
113
113
9
113
113
113
113
113
113
113
113
113
113
9
113
113
113
113
113
113
113
113
114
114
9
114
114
114
114
114
114
114
114
114
114
9
114
115
115
115
115
115
115
115
115
115
9
115
115
115
115
115
115
115
115
115
115
9
115
115
115
115
115
116
116
116
116
117
9
117
117
117
117
117
117
117
117
117
117
9
117
117
117
117
117
117
117
117
117
117
1
10
117
117
117
117
117
117
117
117
117
117
10
117
117
118
118
118
118
118
118
118
118
10
118
118
118
118
118
118
118
118
118
118
10
118
118
118
118
118
118
119
119
119
119
10
119
119
119
119
119
119
119
119
119
119
10
119
119
119
119
119
119
120
120
120
120
10
120
120
120
120
120
120
120
120
121
121
10
121
121
121
121
121
121
121
121
121
121
10
121
121
121
121
121
121
121
121
121
121
10
121
121
121
121
121
121
121
121
121
121
1
10
121
121
121
121
121
121
121
121
121
121
10
121
121
121
122
122
122
122
122
122
122
10
122
122
122
122
123
123
123
123
123
123
10
123
123
123
123
123
123
123
123
123
123
10
123
123
123
123
123
123
123
123
123
123
10
123
123
123
123
123
123
123
123
123
123
10
124
124
124
124
124
124
124
124
124
124
10
124
124
124
124
125
125
125
125
125
125
10
125
125
125
125
125
125
125
125
125
125
10
125
125
125
125
125
125
126
126
126
126
1
10
126
126
126
126
126
126
126
126
126
126
10
126
126
126
126
126
126
126
126
126
126
10
126
126
126
126
126
126
126
126
126
126
10
126
126
126
126
126
126
126
127
127
127
10
127
128
128
129
129
129
129
129
129
129
11
129
129
129
129
129
129
129
129
129
129
11
129
129
129
129
129
129
129
129
129
130
11
130
130
130
130
130
130
130
130
130
130
11
130
130
130
130
130
130
130
130
130
130
11
130
131
131
131
131
131
131
131
131
131
1
11
131
131
131
131
131
131
131
131
131
131
11
131
131
131
131
132
132
132
132
132
132
11
132
132
132
132
132
132
132
132
132
132
11
132
132
132
132
132
132
132
132
132
132
11
132
132
133
133
133
133
133
133
133
133
11
133
133
133
133
133
133
133
133
133
133
11
133
133
133
133
133
133
134
134
134
134
11
134
134
134
134
134
135
135
135
135
135
11
136
136
136
136
136
136
136
136
136
136
11
136
136
136
136
136
136
136
136
136
136
0
1
11
136
136
136
136
136
136
136
136
136
136
11
136
136
136
136
136
136
136
136
136
136
11
136
136
136
136
136
137
137
137
137
137
11
137
137
137
137
137
137
137
138
138
138
11
138
138
138
138
138
139
139
139
139
139
11
139
139
139
139
139
139
139
139
139
139
11
139
140
140
141
141
141
141
141
141
141
11
141
141
141
141
141
141
141
141
141
141
11
141
141
141
141
141
141
141
142
142
142
11
142
142
142
142
142
142
142
142
142
142
1
11
142
142
142
142
142
142
142
142
142
142
11
142
142
142
142
142
142
142
142
142
142
11
142
142
142
142
142
143
143
143
143
143
12
143
143
143
143
143
143
143
143
143
143
12
143
143
143
143
143
143
143
143
143
144
12
144
144
144
144
144
144
144
144
144
144
12
144
144
144
144
144
144
144
144
144
144
12
144
144
144
145
145
145
145
145
145
145
12
145
145
145
145
145
145
145
145
145
145
12
145
145
145
145
145
145
145
145
145
145
2
12
145
145
146
146
146
146
146
146
146
146
12
146
146
146
146
146
146
146
146
146
146
12
146
146
146
146
146
146
146
146
146
146
12
146
146
146
146
146
146
146
146
146
146
12
146
146
146
147
147
147
147
147
147
147
12
147
147
147
147
147
147
147
147
147
147
12
147
147
147
147
147
147
147
148
148
148
12
148
148
148
148
148
148
148
148
148
148
12
148
148
148
148
148
148
148
148
148
148
12
148
149
149
149
149
149
149
150
150
150
2
12
150
150
150
150
150
151
151
151
151
151
12
151
151
151
151
151
151
151
151
151
151
12
151
151
151
151
151
151
151
151
151
151
12
151
151
151
151
151
151
151
151
151
151
12
151
151
152
152
152
152
152
152
152
152
12
152
152
152
152
152
152
152
152
152
152
12
152
152
152
152
152
152
153
153
153
153
13
153
153
153
153
153
153
153
153
153
153
13
153
153
153
153
153
153
153
153
153
153
13
153
153
153
154
154
154
154
154
154
154
2
13
154
154
154
154
154
154
154
154
154
154
13
154
154
154
154
154
154
154
154
154
155
13
155
155
155
155
155
155
155
155
155
155
13
155
155
155
155
156
156
156
156
156
156
13
156
156
156
156
156
156
156
156
156
156
13
156
156
156
156
156
156
156
156
156
156
13
156
156
156
156
156
156
156
156
156
156
13
156
156
156
156
156
156
156
157
157
157
13
157
157
157
157
157
157
157
157
157
157
13
157
157
157
157
157
157
157
157
157
157
2
13
157
157
158
158
158
158
158
158
158
158
13
158
158
158
159
159
159
159
159
159
159
13
159
159
159
159
159
159
159
159
159
159
13
159
159
159
159
159
159
159
159
159
159
13
159
159
159
160
160
160
160
160
160
160
13
160
160
160
160
160
160
160
160
160
160
13
160
160
160
160
160
160
160
160
161
161
13
161
161
161
161
161
161
161
161
161
161
13
161
161
161
161
161
161
161
162
162
162
13
162
162
162
162
162
162
162
162
162
162
2
14
162
162
162
162
162
162
162
162
163
163
14
163
163
163
163
163
163
163
163
163
163
14
163
163
163
163
164
165
165
165
165
165
14
165
165
165
165
165
165
165
165
165
165
14
165
165
166
166
166
166
166
166
166
166
14
166
166
166
166
166
166
166
166
166
166
14
166
166
166
166
166
166
166
166
166
166
14
166
166
166
166
166
167
167
167
167
167
14
167
167
167
167
167
167
167
167
167
167
14
167
167
167
167
167
167
167
167
167
168
2
14
168
168
168
168
168
168
168
168
168
168
14
168
168
168
168
168
168
168
168
168
168
14
168
168
168
168
168
168
168
168
168
168
14
168
169
169
169
169
169
169
169
169
169
14
169
169
169
169
169
169
169
169
170
170
14
170
170
170
170
170
170
170
170
170
170
14
170
170
170
170
170
170
170
170
170
170
14
170
170
170
170
170
170
170
170
170
171
14
171
171
171
171
171
171
171
171
171
171
14
171
171
171
171
172
172
172
173
173
173
2
14
173
173
173
173
173
173
173
173
173
173
14
173
173
173
173
173
173
173
173
174
174
14
174
174
174
174
174
174
174
174
174
174
14
174
174
174
174
174
174
174
174
174
174
15
174
174
174
174
175
175
175
175
175
175
15
175
175
175
175
175
175
175
176
176
176
15
176
176
176
176
176
176
176
176
176
176
15
176
176
176
176
176
176
176
176
176
176
15
176
177
178
178
178
178
178
178
178
178
15
178
178
178
178
178
178
178
178
178
178
2
15
178
178
178
178
178
178
179
179
179
179
15
179
179
179
179
179
179
179
179
179
179
15
179
179
179
179
179
179
179
179
179
179
15
179
179
179
179
179
179
179
179
179
179
15
180
180
180
180
180
180
180
180
180
180
15
180
180
180
180
180
180
180
180
180
180
15
180
180
180
180
180
180
180
180
180
180
15
180
180
180
180
180
180
180
180
180
180
15
180
180
180
180
180
180
180
180
180
180
15
180
180
180
180
180
180
180
180
180
180
0
2
15
180
180
180
181
181
181
181
181
181
181
15
182
182
182
182
182
182
182
182
182
182
15
183
184
184
184
184
184
184
184
184
184
15
184
184
184
184
184
184
184
184
184
184
15
184
184
184
184
184
184
184
184
184
184
15
184
184
184
184
184
184
184
184
184
184
15
184
184
184
184
184
184
184
185
185
185
15
185
185
185
185
185
185
185
185
185
185
16
185
185
185
185
185
185
185
185
185
185
16
185
186
186
186
186
186
186
187
187
187
2
16
187
187
187
187
187
187
187
187
187
187
16
187
187
187
187
187
187
187
187
187
187
16
187
188
188
188
188
188
188
188
188
188
16
188
188
188
188
188
188
188
188
188
188
16
188
188
188
189
189
189
189
189
189
189
16
189
189
189
189
189
189
189
189
189
189
16
189
189
189
189
189
189
189
189
189
189
16
189
189
189
189
189
190
190
190
190
190
16
190
190
190
190
190
190
190
190
190
190
16
190
190
190
190
190
190
190
190
190
190
2
16
190
190
190
190
190
190
190
190
190
190
16
191
191
191
191
191
191
191
191
191
191
16
192
192
192
192
192
192
192
192
192
192
16
192
192
192
192
192
192
192
192
192
192
16
192
192
192
192
193
193
193
193
193
193
16
194
194
194
194
194
194
194
194
194
194
16
194
194
194
194
194
194
194
194
194
194
16
194
194
194
194
194
194
194
194
194
194
16
194
194
194
194
194
194
194
194
194
194
16
194
194
194
194
194
195
195
195
195
195
2
16
195
195
195
195
195
195
195
195
196
196
16
196
196
196
197
197
197
197
197
197
197
16
197
197
197
197
197
197
197
197
197
198
16
198
198
198
198
198
198
198
198
198
198
16
198
198
198
198
198
198
199
199
199
199
17
199
199
199
199
199
199
199
199
199
199
17
199
199
199
199
200
200
200
200
200
200
17
200
200
200
200
200
200
200
200
200
200
17
200
200
200
200
200
200
200
200
201
201
17
201
201
201
201
201
201
201
201
201
201
2
17
201
201
201
201
201
201
201
201
201
201
17
201
201
202
202
202
202
202
202
202
202
17
202
202
202
202
202
202
202
202
202
202
17
202
202
202
202
202
202
203
203
203
203
17
203
203
204
204
204
204
204
204
204
204
17
204
204
204
204
204
204
204
204
204
204
17
204
205
205
205
205
205
205
205
205
205
17
205
205
205
205
205
205
205
205
205
205
17
205
205
205
205
205
206
206
206
206
206
17
206
206
206
206
206
206
206
206
206
206
2
17
206
206
206
206
206
206
206
206
206
207
17
207
207
207
207
207
207
207
207
207
207
17
207
207
207
207
207
207
207
207
207
208
17
208
208
208
208
208
208
208
208
208
208
17
209
209
209
209
209
209
209
209
209
209
17
209
209
209
209
209
209
209
209
209
209
17
209
209
209
209
209
209
209
209
210
210
17
210
210
210
210
210
211
211
211
211
211
17
211
211
211
211
211
211
211
211
211
211
17
211
211
211
211
211
211
211
211
211
212
2
17
212
212
212
212
212
212
212
212
213
213
17
213
213
213
213
213
214
214
214
214
214
17
214
214
214
214
214
214
214
214
214
214
17
214
214
214
214
214
214
214
214
214
214
17
214
214
214
214
214
215
215
215
215
216
17
216
216
216
216
216
216
216
216
216
216
17
216
216
216
216
216
216
216
217
217
218
18
218
218
218
218
218
218
218
218
218
218
18
218
218
218
218
218
218
218
218
218
218
18
218
218
218
219
219
219
219
219
219
219
2
19
220
220
220
220
220
220
220
220
220
221
19
221
221
221
221
221
221
221
221
221
221
19
221
221
221
221
221
221
221
221
221
221
19
221
221
221
221
221
221
221
221
221
221
19
221
221
221
221
221
221
221
221
221
221
19
222
222
222
222
222
222
222
222
222
222
19
222
222
222
222
222
222
222
222
222
222
19
222
222
222
222
222
222
222
222
222
222
19
222
222
222
222
223
223
223
223
223
223
19
223
223
223
223
223
223
223
224
224
224
2
19
224
224
224
224
224
224
224
224
224
224
19
224
224
224
224
224
224
224
224
224
224
19
224
225
225
225
225
225
225
225
225
225
19
225
225
225
225
225
225
225
225
225
225
19
225
225
225
226
226
226
226
226
226
226
19
226
226
226
226
226
226
226
226
226
226
19
226
226
226
226
226
226
226
226
226
226
19
226
226
227
227
227
227
228
228
228
228
19
228
228
228
228
228
228
228
228
228
228
20
228
228
228
228
228
228
228
228
228
228
2
20
228
228
228
228
228
228
228
228
229
229
20
229
229
229
229
229
229
229
230
230
230
20
230
230
230
230
230
230
230
230
230
230
20
230
230
230
230
230
230
230
230
230
230
20
230
231
231
231
231
231
232
232
232
232
20
232
232
232
232
232
232
232
232
232
232
20
232
232
232
232
232
232
232
232
233
233
20
233
233
233
233
233
233
233
233
233
233
20
233
233
233
233
233
233
233
233
233
233
20
233
233
233
234
234
234
234
234
234
234
0
2
20
234
234
234
234
234
234
234
234
234
234
20
234
234
234
234
234
234
234
235
235
235
20
235
235
235
235
235
235
235
235
235
235
20
235
235
235
235
235
235
235
235
235
235
20
235
235
235
235
235
235
235
236
236
236
20
236
236
236
236
236
236
236
236
236
236
20
236
236
236
236
236
236
236
236
236
236
20
236
237
238
238
238
238
238
238
238
238
21
238
238
238
238
238
238
238
238
238
238
21
238
238
238
238
238
238
238
238
238
238
2
21
238
238
238
238
238
238
238
238
238
238
21
238
238
238
238
238
239
239
239
239
239
21
239
239
239
239
239
239
239
239
239
239
21
239
239
239
239
239
239
239
239
239
239
21
239
240
240
240
240
240
240
240
240
240
21
240
240
240
240
240
240
240
240
240
240
21
241
241
241
241
241
241
241
241
241
241
21
241
241
241
241
241
241
241
241
241
241
21
241
241
241
241
242
242
242
242
242
242
21
242
242
242
242
242
242
242
242
242
242
2
21
242
242
242
242
242
242
242
242
243
243
21
243
243
244
244
244
244
244
244
244
244
21
244
244
244
244
244
244
244
244
244
244
21
244
244
244
244
244
244
244
244
244
244
21
244
244
244
244
244
244
244
244
244
244
21
244
244
244
244
244
244
244
244
244
244
21
245
245
245
245
245
245
245
245
245
245
21
245
245
245
245
245
246
246
246
246
246
21
246
246
246
247
247
247
247
247
247
247
21
248
248
248
248
248
248
248
248
249
249
2
21
249
249
249
249
249
249
249
249
249
249
21
249
249
250
250
250
250
250
250
251
251
21
251
251
251
251
251
251
251
251
251
251
21
251
251
251
251
251
251
251
251
251
251
21
251
251
252
252
252
252
252
252
252
252
21
252
252
252
252
252
252
252
252
252
252
21
252
252
252
252
252
252
253
253
253
253
21
253
253
253
253
253
253
253
253
253
253
21
253
253
253
253
253
253
253
253
253
254
21
254
254
254
254
254
254
254
254
254
254
2
21
254
254
254
254
254
254
254
254
254
254
21
254
254
254
254
254
254
254
254
254
255
22
255
255
255
255
255
255
255
255
255
255
22
255
255
255
255
255
255
255
255
255
255
22
255
255
255
256
256
256
256
256
256
256
22
256
256
257
257
257
257
257
257
257
257
22
257
257
257
257
257
257
257
257
257
257
22
257
257
257
257
257
257
257
257
257
257
22
257
258
258
258
258
258
258
258
258
258
22
258
258
258
258
258
258
258
258
258
258
2
22
258
258
259
259
259
259
259
259
259
259
22
259
260
260
260
260
260
260
260
260
260
22
260
260
260
260
260
260
260
260
260
260
22
260
260
260
260
260
260
260
260
261
261
22
261
261
261
261
261
261
261
261
261
261
22
261
261
261
261
261
262
262
262
262
262
23
262
262
262
262
262
262
262
262
262
262
23
263
263
263
263
263
263
263
263
263
263
23
263
263
263
263
263
263
263
263
263
263
23
263
263
263
263
263
263
264
264
264
264
2
23
264
264
264
264
264
264
264
264
264
264
23
264
264
264
264
264
264
264
264
264
264
23
264
264
265
265
265
265
265
265
265
265
23
265
265
265
265
265
265
265
265
265
265
23
265
265
265
265
265
265
266
266
266
266
23
266
266
266
266
266
266
266
266
266
266
23
266
266
266
266
266
266
266
266
266
266
23
267
267
267
267
267
267
267
267
267
267
23
267
267
267
267
267
267
267
267
267
267
23
267
267
267
267
267
267
267
267
267
267
2
23
267
267
267
267
267
268
268
268
268
268
23
268
268
268
268
268
268
268
268
268
268
23
268
268
268
268
268
268
269
269
269
269
23
269
269
269
269
269
269
269
269
269
269
23
269
269
269
269
269
269
269
269
269
269
23
269
269
269
269
269
269
269
269
269
269
23
269
269
269
269
269
269
270
270
270
270
23
270
270
270
270
271
271
271
271
271
271
23
271
271
271
271
271
271
271
271
271
271
23
271
271
271
271
271
271
271
271
271
271
2
23
271
271
271
271
271
272
272
272
272
272
23
272
272
272
272
272
272
272
272
272
272
23
272
272
272
272
272
272
272
272
272
273
24
273
273
274
274
274
274
274
274
274
274
24
274
274
274
274
274
274
274
275
275
275
24
275
275
275
276
276
276
276
276
276
276
24
276
276
276
276
276
276
276
276
276
276
24
276
276
276
276
276
276
276
276
276
276
25
276
277
277
277
277
277
277
277
277
277
25
277
277
277
277
277
277
277
277
277
277
2
25
277
277
277
277
277
277
277
277
277
277
26
278
278
278
278
278
278
278
278
279
279
26
279
279
279
279
279
279
279
279
279
279
26
279
279
279
279
279
279
279
279
279
279
26
279
279
279
279
279
279
279
279
279
279
26
279
279
279
279
279
279
279
279
280
280
26
280
280
280
280
280
280
280
280
281
281
26
281
281
281
281
281
281
281
281
281
281
26
281
282
282
282
282
282
282
282
282
282
26
282
282
282
282
282
282
282
282
282
282
0
2
26
282
282
283
283
283
283
283
283
283
283
26
283
283
283
283
283
283
283
283
283
283
26
283
283
283
283
283
283
283
283
283
283
26
284
284
284
284
284
284
284
284
284
284
26
284
284
284
284
284
284
284
284
284
284
26
284
284
284
284
284
284
285
285
286
286
26
286
286
286
286
286
286
286
286
286
286
26
287
287
287
287
287
287
287
287
287
287
26
287
287
287
287
287
287
287
287
287
287
26
287
287
287
288
288
288
288
288
288
288
3
26
288
288
288
288
288
288
288
288
288
288
26
288
288
288
288
288
288
288
288
288
288
26
288
288
288
288
288
289
289
289
289
289
26
289
289
289
289
289
289
289
290
290
290
26
290
290
290
290
290
290
290
290
290
290
26
290
290
290
290
290
290
290
290
290
290
26
290
290
290
290
290
290
290
290
290
290
26
291
291
291
291
291
291
291
291
291
291
26
291
291
291
291
291
291
291
291
291
291
26
291
291
291
291
292
292
292
292
292
292
3
26
292
292
292
292
292
292
292
292
292
293
26
293
293
293
293
293
293
293
293
293
293
26
293
293
293
293
293
293
294
294
294
294
26
294
294
294
294
294
294
294
294
294
294
26
294
294
294
294
294
294
294
294
294
295
26
295
295
295
295
295
295
295
295
295
295
26
295
295
295
295
295
295
295
295
295
295
26
295
295
296
296
297
297
297
297
297
297
26
297
297
297
297
297
297
297
297
297
297
26
297
297
297
297
297
297
297
297
297
297
3
26
297
297
297
297
297
297
297
297
297
297
26
297
298
298
298
298
298
298
298
298
298
26
298
298
298
298
298
298
298
298
298
298
26
299
299
299
299
299
299
299
299
299
299
26
299
299
299
299
299
299
299
299
299
299
26
299
299
299
299
299
300
300
300
300
300
27
300
300
301
301
301
301
301
301
301
301
27
301
301
301
301
301
301
301
301
301
301
27
301
301
301
301
301
301
301
302
302
302
27
302
302
302
302
302
302
302
302
302
302
3
27
303
303
303
303
303
303
303
303
303
303
27
303
303
303
303
303
303
303
303
303
303
27
303
303
303
303
303
303
303
303
303
303
27
303
303
303
303
303
303
303
303
303
303
27
303
303
303
303
303
303
303
303
304
304
27
304
304
304
304
304
304
304
304
304
304
27
304
304
304
304
304
304
304
304
304
304
27
304
304
304
304
304
305
305
305
305
305
27
305
305
305
305
305
306
306
306
306
306
27
306
306
306
306
306
306
306
306
306
306
3
27
306
306
306
306
306
306
306
306
306
306
27
306
306
306
306
306
306
306
307
307
307
27
307
307
307
307
307
307
307
307
307
307
27
307
307
307
307
307
307
307
307
307
307
27
307
308
308
308
309
309
309
309
309
309
27
309
309
309
309
309
309
309
309
309
309
27
309
309
309
309
309
309
309
309
310
310
27
310
310
310
310
310
310
310
310
310
310
27
310
310
310
310
311
311
311
311
311
311
27
311
311
311
311
311
311
311
311
311
311
3
28
311
311
311
311
312
312
312
312
312
312
28
312
312
312
312
312
312
312
312
312
312
28
312
312
312
312
312
312
312
312
313
313
28
313
313
313
313
313
313
313
313
313
313
28
313
313
313
313
313
313
313
313
313
313
28
313
313
314
314
314
314
314
314
314
315
28
315
315
315
315
315
315
315
316
316
316
28
316
316
316
316
316
316
316
316
316
316
28
316
316
316
316
316
316
316
316
316
316
29
316
317
317
318
318
318
318
318
318
318
3
29
318
319
319
319
319
319
319
319
319
319
29
319
319
319
319
319
319
319
319
319
319
29
319
319
319
320
320
320
320
320
320
321
29
321
321
321
321
321
321
321
321
321
321
29
321
321
321
321
321
321
321
321
321
321
29
321
321
321
321
321
321
322
322
322
323
29
324
324
324
324
324
324
324
324
324
324
29
324
324
324
324
325
325
325
325
325
325
29
325
325
325
325
325
325
325
325
325
325
29
325
325
325
325
325
325
325
325
326
326
3
29
326
326
326
327
327
327
327
327
327
327
29
327
327
327
327
327
327
327
327
327
327
29
327
327
328
328
328
328
328
328
328
328
29
328
328
328
328
328
328
328
328
328
328
29
328
328
328
328
328
328
328
328
328
328
29
328
328
329
329
329
329
329
329
329
329
29
329
329
329
329
329
329
329
329
329
330
29
330
330
330
330
330
330
330
330
330
330
29
330
330
330
330
330
330
330
330
330
330
29
330
330
330
330
330
330
330
330
330
330
3
29
330
330
330
330
330
330
330
330
330
330
29
330
330
330
330
330
330
330
330
330
330
29
330
330
330
330
330
330
330
330
331
331
29
331
331
331
331
331
331
331
331
331
331
29
331
331
331
331
331
331
331
331
331
331
29
331
331
331
331
331
331
332
333
333
333
30
333
333
333
333
333
333
333
333
333
333
30
333
333
333
333
333
333
333
333
333
333
30
333
333
333
333
333
333
334
334
334
334
30
334
334
334
334
334
334
334
334
334
334
0
3
30
334
334
334
334
334
334
335
335
335
335
30
335
335
335
335
335
335
335
335
335
335
30
335
335
335
335
336
336
336
336
336
336
30
336
336
336
336
336
336
336
336
336
336
30
336
336
336
336
336
336
336
336
336
336
30
336
337
337
337
337
337
338
338
338
338
30
338
338
338
338
338
338
338
338
338
338
30
338
338
338
338
338
339
339
339
339
339
30
339
339
339
339
339
339
339
339
339
339
30
339
339
339
339
339
339
339
339
339
339
3
30
339
339
340
340
340
340
340
340
340
340
30
340
340
340
340
340
340
340
340
340
340
30
340
340
340
340
340
340
340
340
341
341
30
341
341
342
342
342
342
342
342
342
342
30
342
342
342
342
342
342
342
342
342
342
30
342
342
342
342
342
342
343
343
343
343
30
343
343
343
343
343
343
343
343
343
343
30
343
343
343
343
343
343
343
343
343
344
30
344
344
344
344
344
344
344
344
344
344
31
344
344
344
344
344
344
344
344
344
344
3
31
344
344
344
344
345
345
345
345
345
345
31
345
345
345
345
345
345
345
345
345
345
31
345
345
345
345
345
345
345
345
346
346
31
346
346
346
346
346
346
346
346
346
346
31
346
346
346
346
346
346
346
346
346
346
31
346
346
346
346
347
347
347
347
347
347
31
347
347
347
347
347
347
347
347
347
347
31
347
347
347
347
347
347
347
347
347
347
32
347
347
347
347
347
347
347
347
347
347
32
347
347
347
347
347
347
347
348
348
348
3
32
348
348
348
348
348
348
348
348
348
348
32
348
348
348
348
348
348
348
348
348
348
32
348
348
348
349
349
349
349
349
349
349
32
349
349
350
350
350
350
350
350
350
350
32
350
350
350
350
350
350
350
350
350
350
32
350
350
350
350
350
351
351
351
351
351
32
351
351
351
351
351
351
351
351
351
351
32
351
351
351
351
351
351
351
351
351
352
32
352
352
352
352
352
352
352
352
352
352
33
352
352
352
352
352
352
352
352
352
352
3
33
352
352
352
352
352
352
352
353
353
353
33
353
353
353
353
353
353
353
353
353
353
33
353
353
353
353
353
353
353
353
353
353
33
353
354
354
354
354
354
354
354
354
354
33
354
354
354
354
354
354
354
354
354
354
33
354
354
354
354
354
354
354
354
354
354
33
354
355
355
355
355
355
355
355
355
355
33
356
356
356
356
356
356
356
356
356
356
33
356
356
356
356
356
356
356
356
356
356
33
356
356
356
356
356
356
356
356
356
357
3
33
357
358
358
358
358
358
358
358
358
358
33
358
358
358
358
358
358
358
358
358
358
33
358
358
358
358
358
358
358
359
359
359
33
359
359
359
359
359
359
359
359
359
359
33
359
359
359
359
359
359
359
359
359
359
33
360
360
360
360
360
360
360
360
360
360
33
360
360
360
360
360
360
360
360
360
360
33
360
360
360
360
361
361
361
361
361
361
33
361
361
361
361
361
361
361
361
361
361
33
361
361
361
361
361
361
361
361
361
361
4
33
361
361
361
361
361
361
361
361
361
361
33
361
361
361
361
361
361
361
362
362
362
33
362
362
362
362
362
362
362
362
362
362
34
362
362
362
362
362
362
362
363
363
363
34
363
363
363
363
363
363
364
364
364
364
34
364
364
365
365
365
365
365
365
365
365
34
365
365
365
365
365
365
365
365
365
365
34
365
365
365
365
365
365
366
366
366
366
34
366
366
366
366
366
366
366
366
366
366
34
366
366
366
366
366
366
366
366
366
366
4
34
367
367
367
367
367
367
367
367
367
367
34
367
367
367
367
367
367
367
367
367
367
34
367
368
368
368
368
368
368
368
368
368
34
368
368
368
368
368
368
368
368
368
368
34
368
368
368
368
368
369
369
369
369
369
34
369
369
369
369
369
370
370
370
370
370
34
370
370
370
370
370
370
370
370
370
370
34
370
370
370
370
370
370
370
370
370
371
34
371
371
371
371
371
372
372
372
372
372
34
372
372
372
372
372
372
372
372
372
372
4
34
372
372
372
372
372
372
372
372
372
372
34
372
372
372
372
372
372
372
372
372
372
34
372
372
372
372
372
372
372
372
372
372
34
372
372
372
372
372
372
372
372
372
373
34
373
373
373
373
373
373
373
373
373
373
34
373
373
373
373
373
373
373
373
373
373
34
373
373
373
374
374
374
374
374
374
374
34
374
374
374
374
374
375
375
375
375
375
35
375
375
375
375
375
375
375
376
376
376
35
376
376
376
376
376
376
376
376
376
376
4
35
376
376
377
377
377
377
377
377
377
377
35
377
378
378
378
378
378
378
378
378
378
35
378
378
378
378
378
378
378
378
378
378
35
378
378
378
378
378
378
378
378
378
378
35
378
378
378
378
378
378
378
378
378
378
35
378
379
379
379
379
379
379
379
379
379
35
379
379
379
379
379
379
379
379
379
379
35
379
379
379
379
379
379
379
379
380
380
35
380
380
380
380
380
380
381
381
381
381
35
381
381
381
381
381
381
381
381
381
381
0
4
35
381
381
381
381
381
381
381
382
382
382
35
382
382
382
382
382
382
382
382
382
382
35
382
382
382
382
382
382
382
382
382
382
35
382
382
382
383
383
383
383
383
383
383
35
383
383
383
383
383
383
383
383
383
383
35
383
383
383
383
383
383
383
383
383
383
35
383
383
383
383
383
383
383
383
383
384
35
384
384
384
384
384
384
384
384
384
384
35
384
384
384
384
384
384
384
384
384
385
35
385
385
385
385
385
385
385
385
385
385
4
35
385
385
385
385
386
386
386
386
386
386
35
386
387
387
387
387
387
387
387
387
387
36
387
387
387
387
388
388
388
388
388
388
36
388
388
388
388
388
388
388
388
388
388
36
388
388
388
388
388
388
388
388
388
388
36
388
388
388
388
388
388
388
388
389
389
37
389
389
389
389
389
389
389
389
389
389
37
389
389
389
389
389
389
389
389
389
389
37
389
389
390
390
390
391
391
391
391
391
37
391
391
391
391
391
391
391
391
391
391
4
37
391
391
391
391
391
391
391
391
391
392
37
392
392
392
392
392
392
392
392
392
392
37
392
392
392
392
392
392
392
393
393
393
37
393
393
393
393
393
393
393
393
393
393
37
393
393
393
393
393
393
393
393
394
394
37
394
394
394
394
394
394
394
394
394
394
37
394
394
394
394
394
394
394
394
394
394
37
394
394
395
395
395
395
395
395
395
395
37
395
395
395
395
395
395
396
396
396
396
37
396
396
396
396
396
396
396
396
396
396
4
37
396
396
396
396
396
396
396
396
396
396
37
397
397
397
397
397
397
397
397
397
397
37
397
397
397
397
397
397
397
397
397
397
37
397
397
397
397
398
398
398
398
398
398
37
398
398
398
398
398
398
398
398
398
398
37
398
398
398
398
398
398
398
398
399
399
37
399
399
399
399
400
400
400
400
400
400
37
400
400
400
400
400
400
400
400
400
400
37
400
400
400
400
400
400
400
400
401
401
37
401
401
401
401
401
401
401
401
401
401
4
37
401
401
401
401
401
401
402
402
402
402
37
402
402
402
402
402
402
403
403
403
403
37
403
403
403
403
403
403
403
403
403
403
37
403
403
403
403
403
403
403
403
403
403
37
403
403
403
403
403
403
403
404
404
404
37
404
404
404
404
404
404
404
404
404
404
37
404
404
404
404
404
404
404
404
404
404
37
404
405
405
405
405
405
405
405
405
405
37
405
405
405
405
405
405
405
405
405
405
37
405
405
405
405
405
405
405
405
405
405
4
37
405
405
405
405
405
405
405
406
407
407
37
407
407
407
407
407
407
407
407
407
407
37
407
407
407
407
407
407
407
407
407
407
37
407
407
408
408
408
408
408
408
408
408
37
408
408
409
409
409
409
409
409
409
409
37
410
410
410
410
410
410
410
410
410
410
37
410
410
410
410
410
410
411
411
411
411
37
411
411
411
411
412
412
412
412
412
413
37
413
413
413
413
413
413
413
413
413
413
37
413
413
413
413
413
413
413
413
413
413
4
37
413
413
413
413
413
413
413
413
413
413
37
413
413
413
413
413
413
413
413
413
413
37
413
413
413
413
413
414
414
414
414
415
38
415
415
415
415
415
415
415
415
415
415
38
415
415
415
415
415
415
415
415
415
415
38
415
415
415
415
415
415
415
415
415
415
38
415
416
416
416
416
416
416
416
416
416
38
417
417
417
417
417
417
417
417
417
417
38
417
417
417
417
417
417
417
417
417
417
39
417
417
417
417
417
417
417
417
418
418
4
39
418
418
418
418
418
418
418
418
418
418
39
418
418
418
418
418
418
418
418
418
418
39
418
418
418
418
419
419
419
419
419
419
39
419
419
419
419
419
419
419
419
419
419
39
419
419
419
419
419
419
419
419
420
420
39
420
420
420
420
420
420
420
420
420
420
39
420
420
420
420
420
420
420
420
420
420
39
420
420
421
421
421
421
421
421
421
421
39
421
421
421
421
421
421
421
421
421
421
39
421
421
421
421
421
421
421
421
421
422
4
39
422
422
422
422
422
422
422
422
422
422
39
422
422
422
422
422
422
422
422
422
422
39
422
422
422
423
423
423
423
423
423
423
39
423
423
423
423
423
423
423
423
423
423
39
423
424
424
424
424
424
424
424
424
424
39
424
424
424
424
424
424
424
424
424
424
39
424
424
424
424
424
425
425
425
425
425
39
425
425
425
425
425
425
425
425
425
425
39
425
425
425
425
425
425
425
425
425
425
39
425
425
425
425
425
425
425
425
425
425
5
39
426
426
426
426
426
426
426
426
426
426
39
426
426
427
427
427
427
427
427
427
427
40
427
427
427
427
427
427
427
427
427
427
40
427
427
427
427
427
427
428
428
428
428
40
428
428
428
428
428
428
428
428
428
428
40
428
428
428
428
428
428
428
428
428
428
40
428
428
428
428
428
428
428
428
428
429
40
429
429
429
429
429
429
429
429
429
429
40
429
429
429
429
429
429
429
429
429
429
40
429
429
429
429
429
429
429
429
429
429
0
5
40
429
429
429
429
429
430
430
430
430
430
40
430
430
430
430
430
430
430
430
430
430
40
430
430
430
430
430
430
430
430
430
430
40
430
431
431
431
431
431
431
431
431
431
40
431
431
431
431
431
431
431
431
431
431
40
431
431
431
431
431
431
431
431
431
431
40
431
432
432
432
432
432
432
432
432
432
40
432
432
432
432
432
432
432
432
432
432
40
432
432
432
432
432
432
432
432
432
432
40
432
432
432
432
432
432
432
432
433
433
5
40
433
433
433
433
433
433
433
433
433
433
40
433
433
433
433
433
433
433
433
433
433
40
433
433
433
433
433
434
434
434
434
434
40
434
434
434
434
434
434
434
434
434
434
40
434
434
434
434
434
434
434
434
434
434
40
434
434
434
434
434
434
434
435
435
435
41
435
435
435
435
435
435
435
435
435
435
41
435
435
435
435
435
435
435
435
435
435
41
435
436
436
436
436
437
437
437
437
437
41
437
437
437
437
437
437
437
437
437
438
5
41
438
438
438
438
438
438
438
438
438
438
41
438
438
438
438
438
438
438
438
438
438
41
438
438
438
439
439
439
439
439
439
439
41
439
439
439
439
439
439
439
439
439
439
41
439
439
439
439
439
439
439
439
439
440
41
440
440
440
440
440
440
440
440
440
440
41
440
440
440
440
441
441
441
441
442
442
41
442
442
442
442
442
442
442
442
442
442
41
442
442
442
442
442
442
442
442
442
442
41
442
442
442
442
443
443
443
443
443
443
5
41
443
443
443
443
443
443
443
443
443
443
41
443
443
443
443
443
443
443
443
443
443
41
443
443
443
443
443
443
443
443
443
443
41
444
444
444
444
444
444
444
444
444
444
41
444
444
444
444
444
444
444
444
445
445
41
445
445
445
445
445
445
445
445
445
445
41
445
445
445
445
445
445
445
445
445
445
41
445
445
445
445
445
445
446
446
446
447
41
447
447
447
447
447
448
448
448
448
448
41
448
448
448
448
448
448
448
448
448
448
5
42
448
448
448
448
448
448
448
448
448
448
42
448
448
448
448
449
449
449
449
449
449
42
449
449
449
449
449
449
449
449
449
449
42
449
449
449
449
449
449
449
449
449
449
42
450
450
450
450
450
450
450
450
450
450
42
450
450
450
450
450
450
450
450
450
450
42
450
450
451
451
451
451
451
451
451
451
42
451
451
451
451
451
451
451
451
452
452
42
452
452
452
452
452
453
453
453
453
453
42
453
453
453
453
453
453
453
453
453
453
5
42
453
453
454
454
454
454
454
454
454
454
42
454
454
454
454
454
454
454
454
454
454
42
454
454
454
454
454
454
454
454
454
454
42
455
455
455
455
456
456
456
456
456
456
42
456
456
456
456
456
456
456
456
456
456
42
456
456
456
456
456
456
456
456
457
457
42
457
457
457
457
457
457
457
457
457
458
42
458
458
458
458
458
458
458
458
458
458
42
458
458
458
458
458
458
458
459
459
459
42
459
459
459
459
459
459
459
459
459
459
5
42
459
459
459
459
459
459
459
459
459
459
42
459
459
459
459
459
459
459
459
459
459
42
459
459
459
460
460
460
460
460
460
460
42
460
460
460
460
460
460
460
460
460
460
43
460
460
460
460
460
460
460
461
461
461
43
461
461
461
461
461
461
461
461
461
461
43
461
461
461
461
461
461
461
461
461
461
43
461
461
461
461
461
461
461
461
461
461
43
461
461
461
461
461
461
461
461
461
461
43
461
461
462
462
462
462
462
462
462
462
5
43
462
462
462
462
462
462
462
462
462
462
43
462
462
462
462
462
462
462
463
463
463
43
463
463
463
463
463
463
463
463
463
463
43
463
463
463
463
463
463
463
463
463
463
43
463
464
464
464
465
465
465
465
466
466
43
466
466
466
466
466
466
466
466
466
466
43
466
466
466
466
466
466
466
466
466
466
43
466
466
467
467
467
467
467
467
467
467
43
467
467
467
467
467
467
467
467
467
467
43
467
467
467
467
467
467
468
468
468
468
5
43
468
468
468
468
468
468
468
469
469
469
43
469
469
469
469
469
469
469
469
469
469
43
469
469
469
469
469
469
469
469
469
469
44
469
470
470
470
470
470
470
470
470
470
44
470
470
470
470
470
470
470
470
470
470
44
470
470
470
470
470
470
470
470
470
470
44
470
470
470
470
470
470
470
470
470
470
44
470
470
470
470
470
470
470
471
471
471
44
471
471
471
471
471
471
471
471
471
471
44
471
471
471
471
471
471
471
471
471
471
5
44
471
471
471
472
472
472
472
472
472
472
44
472
472
472
472
472
472
472
472
472
472
44
472
472
472
472
472
472
472
472
473
474
44
474
474
474
474
474
474
474
474
474
474
44
474
474
474
474
474
474
474
474
474
474
44
474
474
474
474
474
474
474
474
474
474
44
474
474
474
474
474
474
474
474
474
474
44
474
474
474
474
474
474
475
475
475
475
44
475
475
475
475
475
475
475
475
475
475
44
475
475
475
475
475
475
475
475
475
475
